
    Report:
    
              precision    recall  f1-score   support

           0       0.95      0.84      0.89        43
           1       0.76      0.67      0.71        46
           2       0.82      0.84      0.83        43
           3       0.70      0.70      0.70        47
           4       0.83      0.90      0.86        48
           5       0.86      0.93      0.89        45
           6       0.93      0.81      0.86        47
           7       0.80      0.80      0.80        45
           8       0.68      0.56      0.61        41
           9       0.64      0.84      0.73        45

    accuracy                           0.79       450
   macro avg       0.80      0.79      0.79       450
weighted avg       0.80      0.79      0.79       450


    Confusion Matrix:
    
[[36  1  0  0  1  0  0  0  0  5]
 [ 0 31  0  4  2  0  0  0  2  7]
 [ 1  2 36  2  0  0  1  1  0  0]
 [ 0  2  7 33  0  2  0  2  1  0]
 [ 0  0  0  0 43  0  1  2  1  1]
 [ 0  0  0  0  0 42  1  0  2  0]
 [ 0  1  0  0  3  3 38  0  2  0]
 [ 0  0  0  4  1  0  0 36  1  3]
 [ 0  4  1  3  1  2  0  2 23  5]
 [ 1  0  0  1  1  0  0  2  2 38]]
    
    Zero-One Loss: 0.2088888888888889
    