
    Report:
    
              precision    recall  f1-score   support

           0       1.00      0.98      0.99        43
           1       0.96      1.00      0.98        46
           2       1.00      1.00      1.00        43
           3       0.97      0.79      0.87        47
           4       0.98      0.94      0.96        48
           5       0.94      0.98      0.96        45
           6       0.98      1.00      0.99        47
           7       0.94      0.98      0.96        45
           8       0.81      0.93      0.86        41
           9       0.93      0.91      0.92        45

    accuracy                           0.95       450
   macro avg       0.95      0.95      0.95       450
weighted avg       0.95      0.95      0.95       450


    Confusion Matrix:
    
[[42  0  0  0  1  0  0  0  0  0]
 [ 0 46  0  0  0  0  0  0  0  0]
 [ 0  0 43  0  0  0  0  0  0  0]
 [ 0  0  0 37  0  2  0  2  6  0]
 [ 0  0  0  0 45  0  0  0  1  2]
 [ 0  0  0  0  0 44  1  0  0  0]
 [ 0  0  0  0  0  0 47  0  0  0]
 [ 0  0  0  0  0  0  0 44  1  0]
 [ 0  2  0  0  0  0  0  0 38  1]
 [ 0  0  0  1  0  1  0  1  1 41]]
    
    Zero-One Loss: 0.05111111111111111
    